MESHGS0
0 adam | xavier | 32 64 256 256 | 2042 512 128  0.25 0.25 0.25 | 0.2 20 0.2
1 adam | xavier | 32 64 256 256 | 2042 512 128  0.25 0.25 0.25 | 0.4 40 0.4 --scale_verts
2 adam | xavier | 32 64 256 256 | 1024 512 128  0.5 0.25 0.125 | 0.2 20 0.2
    - Nodule-98-30K-GS-2022_07_07__00_37_31
    - Complete.
3 adam | xavier | 32 64 256 256 | 1024 512 128  0.5 0.25 0.125 | 0.4 40 0.4 --scale_verts
4 adam | xavier | 256 128 64 32 | 2042 512 128  0.25 0.25 0.25 | 0.2 20 0.2
    - Nodule-98-30K-GS-2022_07_07__06_40_09
    - Complete
5 adam | xavier | 256 128 64 32 | 2042 512 128  0.25 0.25 0.25 | 0.4 40 0.4 --scale_verts
6 adam | xavier | 256 128 64 32 | 1024 512 128  0.5 0.25 0.125 | 0.2 20 0.2
7 adam | xavier | 256 128 64 32 | 1024 512 128  0.5 0.25 0.125 | 0.4 40 0.4 --scale_verts

MESHGS1
8 adam | kaiming | 32 64 256 256 | 2042 512 128  0.25 0.25 0.25 | 0.2 20 0.2
    - Nodule-98-30K-GS-2022_07_06__21_17_50
    - Complete
9 adam | kaiming | 32 64 256 256 | 2042 512 128  0.25 0.25 0.25 | 0.4 40 0.4 --scale_verts
10 adam | kaiming | 32 64 256 256 | 1024 512 128  0.5 0.25 0.125 | 0.2 20 0.2
    - Nodule-98-30K-GS-2022_07_07__02_34_55
    - Complete.
11 adam | kaiming | 32 64 256 256 | 1024 512 128  0.5 0.25 0.125 | 0.4 40 0.4 --scale_verts
12 adam | kaiming | 256 128 64 32 | 2042 512 128  0.25 0.25 0.25 | 0.2 20 0.2
    - Nodule-98-30K-GS-2022_07_07__07_33_53
    - Complete
13 adam | kaiming | 256 128 64 32 | 2042 512 128  0.25 0.25 0.25 | 0.4 40 0.4 --scale_verts
14 adam | kaiming | 256 128 64 32 | 1024 512 128  0.5 0.25 0.125 | 0.2 20 0.2
    - Nodule-98-30K-GS-2022_07_07__12_36_34
    - Complete
15 adam | kaiming | 256 128 64 32 | 1024 512 128  0.5 0.25 0.125 | 0.4 40 0.4 --scale_verts

MESHGS2
16 rmsprop | xavier | 32 64 256 256 | 2042 512 128  0.25 0.25 0.25 | 0.2 20 0.2
    - Nodule-98-30K-GS-2022_07_07__10_11_22
    - Complete
17 rmsprop | xavier | 32 64 256 256 | 2042 512 128  0.25 0.25 0.25 | 0.4 40 0.4 --scale_verts
18 rmsprop | xavier | 32 64 256 256 | 1024 512 128  0.5 0.25 0.125 | 0.2 20 0.2
19 rmsprop | xavier | 32 64 256 256 | 1024 512 128  0.5 0.25 0.125 | 0.4 40 0.4 --scale_verts
20 rmsprop | xavier | 256 128 64 32 | 2042 512 128  0.25 0.25 0.25 | 0.2 20 0.2
    - Nodule-98-30K-GS-2022_07_07__16_39_13
    - Complete
21 rmsprop | xavier | 256 128 64 32 | 2042 512 128  0.25 0.25 0.25 | 0.4 40 0.4 --scale_verts
22 rmsprop | xavier | 256 128 64 32 | 1024 512 128  0.5 0.25 0.125 | 0.2 20 0.2
    - Nodule-98-30K-GS-2022_07_07__22_08_39
    - Complete
23 rmsprop | xavier | 256 128 64 32 | 1024 512 128  0.5 0.25 0.125 | 0.4 40 0.4 --scale_verts

MESHGS3
24 rmsprop | kaiming | 32 64 256 256 | 2042 512 128  0.25 0.25 0.25 | 0.2 20 0.2
    - Nodule-98-30K-GS-2022_07_07__11_59_03
    - Complete
25 rmsprop | kaiming | 32 64 256 256 | 2042 512 128  0.25 0.25 0.25 | 0.4 40 0.4 --scale_verts
26 rmsprop | kaiming | 32 64 256 256 | 1024 512 128  0.5 0.25 0.125 | 0.2 20 0.2
    - Nodule-98-30K-GS-2022_07_07__16_51_01
    - Complete
27 rmsprop | kaiming | 32 64 256 256 | 1024 512 128  0.5 0.25 0.125 | 0.4 40 0.4 --scale_verts
28 rmsprop | kaiming | 256 128 64 32 | 2042 512 128  0.25 0.25 0.25 | 0.2 20 0.2
    - Nodule-98-30K-GS-2022_07_07__21_42_48
    - Complete
29 rmsprop | kaiming | 256 128 64 32 | 2042 512 128  0.25 0.25 0.25 | 0.4 40 0.4 --scale_verts
30 rmsprop | kaiming | 256 128 64 32 | 1024 512 128  0.5 0.25 0.125 | 0.2 20 0.2
    - Nodule-98-30K-GS-2022_07_08__02_34_24
    - Complete
31 rmsprop | kaiming | 256 128 64 32 | 1024 512 128  0.5 0.25 0.125 | 0.4 40 0.4 --scale_verts

